1756
1791
1782
1801
1878
1853
1853
1882
1892
1918
1919
1876
1910
1839
1919
1995
2007
1924
2024
2061
2032
2097
2077
2093
2097
2047
2141
2174
2174
2031
2130
2216
2226
2190
2260
2194
2260
2272
2177
2295
2228
2313
2224
2285
2311
2202
2357
2198
2367
2392
2438
2369
2356
2473
2498
2460
2483
2494
2425
2439
2483
2480
2429
2522
2544
2525
2467
2522
2541
2512
2608
2499
2635
2618
2669
2613
2617
2585
2608
2722
2616
2662
2600
2662
2658
2587
2640
2606
2576
2639
2808
2671
2739
2739
2691
2737
2761
2658
2825
2792
2812
2749
2780
2697
2855
2846
2824
2803
2701
2847
2812
2817
2789
2678
2944
2867
2822
2794
2877
2912
2784
2778
2729
2812
2893
