1123
1118
1109
1166
1178
1191
1195
1178
1230
1228
1244
1210
1273
1319
1300
1325
1317
1367
1349
1358
1387
1422
1423
1425
1480
1402
1437
1477
1458
1514
1501
1507
1500
1492
1515
1559
1561
1608
1603
1549
1568
1570
1617
1635
1595
1604
1659
1671
1678
1677
1134
1143
1142
1184
1176
1202
1230
1245
1254
1248
1254
1269
1278
1304
1343
1306
1324
1389
1375
1366
1412
1410
1387
1403
1417
1437
1481
1478
1426
1510
1546
1514
1529
1528
1546
1576
1605
1601
1601
1690
1582
1624
1568
1589
1710
1652
1622
1706
1683
1739
1218
1167
1156
1181
1205
1226
1266
1274
1263
1266
1252
1281
1296
1331
1358
1333
1363
1368
1359
1390
1373
1474
1439
1444
1442
