1763
1804
1801
1840
1882
1895
1897
1862
1948
1974
1979
1946
1967
2030
2058
2033
2011
1964
2068
2054
2042
2060
2136
2096
2064
1838
1770
1803
1831
1864
1893
1896
1899
1906
1926
2003
1935
1983
1985
1879
2063
1973
2037
2046
2111
2053
2189
2139
2058
2164
1776
1839
1874
1850
1867
1935
1889
1912
1963
2027
1978
1851
2019
1992
2031
2046
2079
2105
1964
1995
2161
2071
2064
2177
2165
1831
1796
1886
1919
1804
1891
1877
1937
1874
1917
1970
1972
1993
1987
2042
2005
1934
2060
2032
2056
2100
2144
2129
2084
2072
1817
1825
1868
1842
1918
1900
1881
1904
1922
1921
1961
1993
1982
2024
1959
2022
2039
1990
1992
2007
2044
2035
2122
2110
2140
