1163
1151
1129
1162
1188
1187
1193
1183
1232
1235
1285
1262
1260
1297
1313
1257
1334
1344
1356
1356
1338
1410
1500
1473
1446
1452
1440
1501
1528
1534
1522
1547
1550
1526
1576
1565
1510
1601
1581
1605
1647
1652
1560
1650
1673
1719
1711
1609
1710
1766
1707
1786
1752
1807
1719
1815
1690
1863
1877
1859
1825
1808
1863
1840
1810
1855
1905
1889
1900
1915
1898
1973
1919
2021
1938
2015
1965
2005
1964
1977
1956
2012
2023
2029
1997
2045
1974
1996
2081
1972
2090
2126
2079
2073
2219
2045
1988
2101
2094
2288
2303
2237
2262
2207
2264
2192
2194
2366
2270
2360
2353
2222
2281
2248
2345
2409
2344
2325
2342
2401
2365
2385
2384
2443
2373
