1145
1120
1149
1172
1173
1122
1130
1168
1184
1115
1138
1163
1203
1133
1137
1183
1180
1123
1153
1148
1210
1117
1127
1170
1195
1134
1140
1155
1139
1131
1149
1158
1225
1131
1149
1163
1201
1110
1155
1146
1195
1119
1134
1164
1163
1098
1141
1147
1144
1121
1150
1189
1151
1124
1173
1242
1224
1191
1209
1221
1194
1172
1227
1208
1168
1123
1143
1148
1171
1140
1154
1188
1180
1134
1135
1176
1176
1143
1135
1149
1203
1094
1156
1165
1179
1132
1137
1175
1157
1120
1157
1134
1156
1108
1147
1167
1194
1140
1129
1166
1179
1159
1169
1147
1187
1111
1134
1174
1145
1122
1141
1161
1167
1129
1125
1154
1177
1108
1113
1127
1159
1110
1139
1168
1177
