1146
1133
1130
1151
1152
1177
1215
1215
1211
1234
1146
1149
1141
1185
1175
1220
1271
1221
1254
1284
1126
1160
1169
1143
1163
1201
1221
1222
1236
1281
1151
1142
1175
1195
1186
1236
1212
1256
1233
1269
1130
1144
1160
1171
1222
1205
1241
1252
1290
1262
1129
1127
1199
1163
1218
1197
1230
1252
1292
1270
1119
1131
1159
1216
1173
1183
1229
1254
1232
1264
1104
1137
1166
1149
1216
1190
1224
1253
1254
1259
1112
1167
1155
1161
1168
1185
1213
1240
1235
1280
1152
1134
1123
1166
1186
1215
1237
1263
1244
1260
1128
1153
1155
1188
1197
1202
1212
1228
1245
1258
1109
1118
1164
1178
1182
1186
1189
1248
1250
1254
1108
1154
1159
1176
1202
