1754
1825
1818
1828
1823
1862
1901
1905
1904
1883
1901
1920
1898
1941
1953
1993
2070
2025
1970
2026
2019
2076
2005
2029
1961
2053
2066
2072
1980
2118
2100
2155
2289
2167
2179
2185
2239
2265
2294
2275
2258
2260
2259
2298
2189
2296
2354
2290
2400
2429
1796
1794
1826
1880
1796
1856
1952
1916
1952
1915
1943
1964
1990
2021
1984
2032
2059
2043
2009
2078
2064
2059
1971
2100
2096
2060
2125
2190
2242
2171
2184
2234
2271
2291
2218
2251
2254
2246
2254
2311
2304
2229
2340
2307
2325
2302
2218
2288
2390
2450
1923
1869
1870
1936
1914
1972
1939
1956
1967
1956
1990
2020
2008
1997
2004
2014
2077
2083
2101
2070
2021
2116
2118
2102
2105
