1714
1819
1855
1813
1719
1793
1813
1890
1802
1785
1789
1802
1842
1794
1854
1831
1845
1789
1819
1880
1902
1774
1812
1829
1892
1805
1805
1899
1861
1790
1809
1891
1846
1789
1813
1848
1844
1807
1873
1891
1881
1824
1828
1788
1778
1862
1854
1892
1776
1830
1885
1836
1904
1820
1838
1891
1879
1939
1906
1899
1929
1864
1838
1961
1958
1834
1852
1891
1889
1792
1838
1886
1895
1787
1834
1851
1963
1809
1847
1857
1855
1810
1839
1877
1750
1873
1860
1831
1883
1808
1855
1848
1902
1812
1833
1828
1863
1771
1772
1875
1855
1879
1831
1855
1835
1789
1860
1836
1852
1782
1805
1804
1882
1831
1841
1802
1830
1838
1895
1766
1873
1828
1826
1850
1897
