1791
1907
1822
1830
1908
1863
1859
1881
1910
1914
1948
2029
1957
2015
2082
2040
2028
2003
2002
2048
2082
2124
2125
2117
2105
2102
2161
2144
2150
2253
2250
2067
2200
2225
2305
2289
2315
2308
2289
2291
2296
2315
2294
2430
2347
2405
2330
2281
2306
2455
2333
2440
2403
2422
2459
2514
2465
2421
2423
2415
2548
2578
2533
2566
2546
2583
2488
2576
2529
2562
2606
2625
2601
2651
2684
2726
2720
2604
2587
2680
2567
2644
2728
2570
2697
2624
2740
2651
2805
2757
2709
2711
2765
2728
2718
2725
2818
2746
2778
3248
2926
3008
3066
2917
2894
2898
2998
3043
2913
3027
2993
2979
2949
3001
2997
2961
2999
2980
2960
3106
3095
3046
3069
3058
3045
