1792
1803
1810
1801
1846
1849
1880
1869
1892
1865
1756
1843
1857
1877
1785
1846
1906
1917
1909
1914
1821
1800
1839
1881
1875
1837
1890
1885
1834
1926
1862
1791
1844
1860
1887
1866
1845
1927
1947
2024
1786
1808
1840
1879
1873
1970
1922
1964
1912
1952
1794
1850
1831
1895
1900
1758
1870
1882
1972
2017
1809
1829
1794
1844
1861
1808
1854
1905
1926
1786
1799
1814
1823
1911
1847
1834
1880
1966
1980
1904
1863
1825
1821
1875
1790
1890
1954
1902
1961
1956
1794
1804
1820
1852
1925
1908
1869
1945
1950
1937
1824
1830
1807
1929
1902
1887
1892
1890
1937
1962
1769
1862
1859
1862
1924
1879
1935
1926
1907
1921
1863
1834
1867
1901
1867
