1145
1101
1151
1151
1196
1196
1218
1251
1241
1267
1249
1233
1286
1361
1313
1386
1377
1352
1423
1348
1406
1428
1416
1412
1445
1115
1144
1185
1145
1181
1180
1216
1248
1212
1255
1241
1290
1311
1309
1365
1314
1327
1347
1353
1379
1447
1430
1368
1480
1401
1109
1146
1117
1169
1198
1194
1208
1261
1256
1293
1249
1267
1262
1282
1353
1370
1367
1339
1375
1355
1445
1411
1452
1470
1429
1129
1164
1169
1151
1176
1248
1207
1211
1258
1278
1251
1303
1311
1302
1345
1326
1353
1345
1395
1387
1393
1425
1399
1394
1406
1162
1124
1137
1175
1172
1207
1229
1231
1277
1249
1242
1258
1280
1330
1296
1305
1343
1341
1350
1368
1416
1377
1393
1470
1429
