1153
1127
1127
1140
1192
1208
1183
1209
1266
1237
1249
1267
1241
1321
1333
1274
1322
1329
1393
1400
1390
1412
1419
1451
1471
1428
1443
1478
1478
1478
1498
1524
1517
1551
1575
1605
1583
1622
1558
1632
1614
1673
1695
1568
1599
1695
1697
1626
1709
1763
1767
1774
1766
1781
1822
1811
1775
1806
1794
1838
1866
1801
1880
1907
1894
1940
1869
1883
1828
1915
1870
1947
1918
1991
1936
1936
1924
1995
1988
1955
1960
1987
1978
1981
1958
2005
1975
2075
1968
2167
2132
2142
2028
2119
2130
2078
2015
2119
2171
2128
2185
2154
2072
2236
2222
2216
2073
2070
2211
2188
2196
2097
2240
2241
2248
2224
2159
2223
2178
2187
2180
2253
2168
2336
2336
